1236501057192316928
1265255835124539392
1265255845358645254
1269086797226815490
1273770669214490626
1306557587375128576
1306559853683445760
1306562791894122504
1306657377823993857
1306749921173762049
1309314144663986182
1309455713882828802
1310585397630689280
1313848232716521473
1324108200141082624
1324927258679767042
1324928993594896385
1325099845045071873
1325194709443080192
1325432465415163904
1325432469043236868
1325432472985808897
1325432476215500800
1325442336957018112
1325442345396039680
1325563462433509376
1325594474110726150
1325594813522190343
1325653065849073664
1325889532840062976
1325895380983275524
1325918178208321537
1325922164676104198
1325956184613019648
1325966661942435841
1325967220757966852
1325967327611981829
1326186126709821440
1326186297157963777
1326315284169445376
1326327582074220544
1326347841476890627
1326348976531136513
1326353226749386757
1326525851752656898
1326630618831130624
1326679385966047236
1326711013593505794
1326711675165270017
1326739008597209089
1326740844427304960
1326740934164426752
1326875863657361409
1326894138516774913
1326906607154900998
1326907776216555523
1326926226888544256
1327095398712946695
1327103335195938817
1327279929319432200
1327319294057848832
1327350069947936768
1327394148098461697
1327407964404260870
1327409017442988033
1327413534901350400
1327438487537246210
1327441049908895744
1327481814013906944
1327619653020110850
1327619654592892931
1327704841964183552
1327708998662025216
1327715767916392449
1327716728558772226
1327717223142731779
1327717286778638340
1327717798789984257
1327750127679889409
1327836002631766016
1327952603318194178
1327956491056279552
1327958640309972992
1327960545929072645
1327978710809661440
1327979630477922304
1328093294782509060
1328152465016020993
1328152466752491526
1328200072987893762
1328325907401093121
1328328547598000130
1328328868298698754
1328329736184078336
1328334945148952576
1328338241284616193
1328361451497664512
1328382287331856384
1328448530504163329
1328830381429288962
1328852352787484677
1328852354049957888
1328856932011167744
1328880222171770883
1329054683441278977
1329060562442067969
1329064787142172673
1329065945160175616
1329069814195871744
1329075487553974275
1329086548093014022
1329087255168708608
1329093126238203905
1329096639651471361
1329097597743722496
1329298668403499009
1329303916438302725
1329401626763943936
1329405682706247683
1329424134166687744
1329459995893764102
1329478149609041927
1329521429575049231
1329526819876458497
1329568208928591873
1329760015314464770
1329761125404205057
1329780467663564806
1329784812257890306
1329871775707107335
1329871776889925636
1329963239170564098
1329963296854847492
1329963571250335744
1330137267680186371
1330137741078695939
1330248268656357376
1330259856662654978
1330319748660416513
1330323589170663426
1330325425667629058
1330327620148465664
1330351724553441282
1330351802508775426
1330353111072903169
1330367988621594625
1330368206968643584
1330368448552169474
1330374020613758977
1330485401912479745
1330487246236028935
1330555645213483016
1330732289018503170
1330737141794676736
1331057517095489539
1331086969183621120
1331214247955738624
1331218534890958849
1331219093563781122
1331219312112250890
1331225404351373313
1331393812728573952
1331445742179930113
1331446179519995906
1331449424690733057
1331461773627625473
1331461986245369856
1331463574573748226
1331465785399767040
1331465928022822918
1331655154492448770
1331684437705302018
1331695288231333890
1331738816856666114
1331750037777510404
1331751453908742145
1331755857290403846
1331761131120103424
1331761414667710467
1331987171700510720
1332169753004224515
1332317347722498048
1332317394165968899
1332317886648639489
1332328895597715456
1332331194864852992
1332331511673217024
1332337895584264197
1332349861774155778
1332352538855747584
1332380892682215424
1332407714304110597
1332462484582707202
1332518860944076802
1332552283553476608
1332776310196883461
1332778938121203720
1333084257858834438
1333084321863888896
1333084358446551042
1333207778643628032
1333215466022727686
1333243285389914112
1333244506871918599
1333410418119864320
1333410419554344964
1333413062120976385
1333464453778706433
1333558147512999938
1333616249444724737
1333618999255560193
1333771177005867008
1333772740483026944
1333773762374807553
1333856259662077954
1333888306178908163
1333968444866392064
1333975991518187521
1333988969785257984
1334155285909409801
1334159010308755458
1334167769575796739
1334167828035989506
1334240039639937026
1334256021020217346
1334282156349267970
1334303260279234562
1334326746615865344
1334327204847775744
1334327470972137474
1334327603340201984
1334327894844248070
1334351957113311233
1334572492476837893
1334572501565902848
1334573529107460096
1334606278388277253
1334611537688809472
1334617669316845580
1334670866051981312
1334858852337070083
1334949289160740866
1334994862299602947
1335032599283109890
1335052022530379776
1335057703568355330
1335057724485275656
1335087245037015040
1335087268516794368
1335406436247998464
1335413770139549697
1335460410267488261
1335461221911425026
1335462704006492160
1335463348893339648
1335463480435109888
1335463604594806791
1335465256798330880
1335465325069017088
1335466110037217280
1335663612954898434
1335672890407215105
1335713485020401671
1335736235239804928
1335739297459265537
1335761079750766592
1335775434546548737
1335775501739307009
1335775535717289984
1335783596922114048
1335783660507770881
1335796393399775233
1335971721262796801
1336114633485266944
1336148836495069185
1336177638528983041
1336322408970559495
1336407510069161988
1336666810742149120
1336680713568071681
1336680803682693126
1336691515398250498
1336730906107768842
1336811823232921600
1336844470994821126
1336847458836631553
1337040387349893121
1337040883988959232
1337041669368258565
1337042201738612736
1337043739915788292
1337052585547755523
1337220913528532992
1337249882139136001
1337256181866377216
1337267413763624960
1337421958158422017
1337534034377920523
1337541208831307776
1337629305405321216
1337629306919538694
1337743516294934529
1337745268591259648
1337749020706549762
1337790419875352576
1338145849784872965
1338246163368046593
1338246164756520961
1338247128578134018
1338247150887702531
1338254785666043908
1338254787020787712
1338254787675041802
1338324103401529344
1338347204440952832
1338483200046354434
1338493606148120579
1338493640486907908
1338574268154646528
1338715842931023873
1338718081443622912
1338718436508241923
1338718567605395457
1338718643488743425
1338851758819389441
1338852676654821376
1338853181363793920
1338853393029279747
1338871862315667456
1338876692073426944
1339013823282499584
1339085251231031296
1339090279429775363
1339225465584840704
1339275859841134594
1339281950490697729
1339284435456421892
1339286784790966274
1339453818996727809
1339597489926590465
1339759289234317312
1339937091707351046
1339953001847525379
1340185773220515840
1340306154031857665
1340333619299147781
1340368820079345664
1340381132467171332
1340386251866828802
1340386865799712772
1340466552420896769
1340516843791020033
1340517052705091586
1340529063799246848
1340700000892948482
1340700258712625152
1340701929085820934
1340715967182204930
1340716121671004161
1340716395286413315
1340717162315599873
1340717540000083970
1340717841964818433
1340995938937163776
1340996088443105282
1340996686257254403
1341043284542713857
1341043285368909824
1341138408274595843
1341138409092509696
1341265409635475456
1341405487057821698
1341551177146757121
1341553610996543494
1341565405509394440
1341885394124607488
1341948764068704256
1342100887137873922
1342209260026023940
1342212340436135938
1342212651447967744
1342245390540804096
1342624069687062528
1342817496924086278
1342821189077622792
1342826019745640450
1342830505163706369
1342832582606598144
1342974370822692867
1342974373632876545
1343068273827577861
1343069190433943564
1343646101266714624
1343663159085834248
1343919651336712199
1343919652125241345
1343919653068943361
1344036020162093058
1344054358418345985
1344095997841047552
1344160787384971264
1344160788567773189
1344259406511431680
1344288700851744769
1344308641286004738
1344367336715857921
1344400646066331648
1344853996977197056
1345100089505755139
1345149555390771201
1345149556967800832
1345149558154797056
1345157300588335104
1345404682655707136
1345404684723507200
1345508977031974918
1345604625345490944
1345731043861659650
1345736811906273282
1345751815258845184
1345752303085760512
1345752729713586183
1345752835913359367
1345753654087843840
1345798202650460162
1345798206471475204
1345803569438597121
1345958851795951616
1345966975739191298
1345967072006828033
1346110956078817280
1346112444108836864
1346120645613150208
1346300462899875840
1346469204740902915
1346659909492998146
1346685023861272580
1346686936568758275
1346687368812785664
1346694608877740032
1346698217304584192
1346805405998075905
1346808075626426371
1346809349214248962
1346818855298072576
1346822610957561858
1346845109736845318
1346900434540240897
1346928882595885058
1346954970910707712