1266231100780744704
1275409656488382465
1297495295266357248
1301528521752354816
1301528522582786049
1304769412759724033
1313449844413992961
1315316071243476997
1320873664296804354
1323430341512622080
1323864823680126977
1324004491612618752
1324012341458075648
1324033983882166272
1324108206801563650
1324368202139357186
1324386685858287616
1324401527663058944
1324541519873847296
1324541695577436161
1324541720583905286
1324613181466173440
1325065540390559745
1325065546342264834
1325065549559291910
1325067488695099397